1	T23403	臺南自學		100	100	100	8	71	379	379
2	T23050	竹科實中		100	100	100	8	49	357	357
3	T23062	大安高工		100	100	100	8	18	326	326
3	T23203	成功高中		100	100	100	8	18	326	326
5	T23099	師大附中		100	100	100	1.05	18	319.05	319.05
6	T23058	建國中學		100	100	100	0	18	318	318
6	T23192	建國中學		100	100	100	0	18	318	318
6	T23278	復興實中		100	100	100	0	18	318	318
9	T23055	竹科實中		100	100	100	8	0	308	308
9	T23338	臺中一中		100	100	100	8	0	308	308
11	T23297	康橋中學		100	100	100	1.14	0	301.14	301.14
12	T23232	板橋高中		100	100	100	1.05	0	301.05	301.05
13	T23177	建國中學		100	100	100	0	0	300	300
13	T23201	建國中學		100	100	100	0	0	300	300
13	T23323	臺中一中		100	100	100	0	0	300	300
16	T23188	竹科實中		100	100	40	8	49	297	297
17	T23420	高雄中學		100	100	74	0	0	274	274
18	T23400	嘉義高中		100	100	40	0	18	258	258
19	T23245	建國中學		100	100	57	0	0	257	257
20	T23133	建國中學		100	55	100	0	0	255	255
21	T23140	仁愛國中		100	50	100	0	0	250	250
21	T23051	靜心中學		100	50	100	0	0	250	250
23	T23015	建國中學		100	100	23	0	18	241	241
24	T23164	建國中學		100	100	40	0	0	240	240
24	T23385	彰化高中		100	100	40	0	0	240	240
24	T23437	高雄中學		100	100	40	0	0	240	240
27	T23454	高雄中學		100	100	23	8	0	231	231
28	T23163	竹科實中		100	100	0	8	18	226	226
29	T23073	建國中學		100	50	57	0	18	225	225
30	T23054	建國中學		100	100	23	1.05	0	224.05	224.05
31	T23157	天母國中		100	100	23	0	0	223	223
31	T23302	延平中學		100	100	23	0	0	223	223
31	T23087	建國中學		100	100	23	0	0	223	223
31	T23210	建國中學		100	100	23	0	0	223	223
31	T23417	成大附工		100	100	23	0	0	223	223
31	T23362	臺中一中		100	100	23	0	0	223	223
37	T23026	建國中學		100	100	0	21	0	221	221
37	T23425	臺南一中		100	100	0	21	0	221	221
39	T23046	新竹高中		100	100	17	1.05	0	218.05	218.05
40	T23078	竹科實中		100	50	57	0	0	207	207
41	T23355	彰化高中		100	5	100	0	0	205	205
42	T23086	康橋中學		100	100	0	1.14	0	201.14	201.14
43	T23418	高雄中學		100	100	0	1.05	0	201.05	201.05
44	T23178	康橋中學		100	100	0	0	0	200	200
44	T23320	彰化高中		100	0	100	0	0	200	200
44	T23143	復興國中		100	100	0	0	0	200	200
44	T23236	東山中學		100	100	0	0	0	200	200
44	T23443	高雄中學		100	100	0	0	0	200	200
44	T23448	高雄中學		100	100	0	0	0	200	200
50	T23049	康橋中學		100	55	40	0	0	195	195
51	T23384	明道中學		100	0	23	0	71	194	194
51	T23250	薇閣中學		100	5	40	0	49	194	194
53	T23253	建國中學		100	50	40	0	0	190	190
53	T23067	復興實中		100	50	40	0	0	190	190
55	T23279	北一女中		100	55	23	0	0	178	178
55	T23158	康橋中學		100	55	23	0	0	178	178
57	T23181	竹科實中		0	100	74	0	0	174	174
58	T23156	延平中學		100	55	17	0	0	172	172
58	T23082	板橋高中		100	55	17	0	0	172	172
60	T23113	建國中學		100	10	57	0	0	167	167
60	T23226	敦化國中		100	50	17	0	0	167	167
60	T23444	黎明高中		100	50	17	0	0	167	167
63	T23147	建國中學		100	14	23	29	0	166	166
64	T23153	板橋高中		100	5	23	29	0	157	157
65	T23434	正義高中		100	55	0	0	0	155	155
65	T23424	高雄中學		100	55	0	0	0	155	155
67	T23020	竹科實中		100	50	0	0	0	150	150
67	T23081	竹科實中		100	50	0	0	0	150	150
67	T23056	薇閣中學		100	50	0	0	0	150	150
70	T23030	竹科實中		100	5	23	21	0	149	149
71	T23043	成功高中		100	5	40	0	0	145	145
71	T23206	成功高中		100	5	40	0	0	145	145
73	T23215	竹科實中		100	0	40	0	0	140	140
74	T23174	中正高中		100	5	17	8	0	130	130
74	T23453	嘉華中學		100	5	17	8	0	130	130
74	T23105	薇閣中學		100	5	17	8	0	130	130
77	T23202	宜蘭高中		100	29	0	0	0	129	129
78	T23183	成功高中		100	5	23	0	0	128	128
78	T23258	竹科實中		100	5	23	0	0	128	128
80	T23194	復興實中		100	10	17	0	0	127	127
80	T23018	永春高中		100	10	17	0	0	127	127
82	T23010	康橋中學		100	0	17	8	0	125	125
83	T23301	中崙高中		100	0	23	0	0	123	123
83	T23266	康橋中學		100	5	0	0	18	123	123
83	T23263	建國中學		100	5	0	0	18	123	123
86	T23290	內壢高中		100	5	17	0	0	122	122
86	T23450	嘉義高中		100	5	17	0	0	122	122
86	T23246	師大附中		100	5	17	0	0	122	122
86	T23196	康橋中學		100	5	17	0	0	122	122
86	T23291	康橋中學		100	5	17	0	0	122	122
86	T23367	彰化高中		100	5	17	0	0	122	122
86	T23280	成功高中		100	5	17	0	0	122	122
86	T23114	振聲高中		100	5	17	0	0	122	122
86	T23213	新竹女中		100	5	17	0	0	122	122
86	T23176	新竹縣自學		100	5	17	0	0	122	122
86	T23204	武陵高中		100	5	17	0	0	122	122
86	T23252	竹科實中		100	5	17	0	0	122	122
86	T23397	臺南一中		100	5	17	0	0	122	122
86	T23438	臺南女中		100	5	17	0	0	122	122
86	T23254	花蓮高中		100	5	17	0	0	122	122
86	T23404	高雄中學		100	5	17	0	0	122	122
86	T23409	高雄中學		100	5	17	0	0	122	122
103	T23122	建國中學		100	19	0	0	0	119	119
103	T23123	新竹高中		100	19	0	0	0	119	119
105	T23241	建國中學		100	0	17	0	0	117	117
105	T23095	板橋高中		100	0	17	0	0	117	117
105	T23242	竹北高中		100	0	17	0	0	117	117
105	T23267	竹北高中		100	0	17	0	0	117	117
109	T23231	延平中學		100	5	0	8	0	113	113
109	T23426	高雄中學		100	5	0	8	0	113	113
111	T23389	鳳新高中		100	5	0	6.93	0	111.93	111.93
112	T23038	北一女中		100	10	0	0	0	110	110
112	T23115	康橋中學		100	10	0	0	0	110	110
112	T23091	竹科實中		100	10	0	0	0	110	110
115	T23272	建國中學		100	0	0	8	0	108	108
115	T23365	臺中一中		100	0	0	8	0	108	108
117	T23304	中和高中		100	5	0	0	0	105	105
117	T23004	北一女中		100	5	0	0	0	105	105
117	T23061	北一女中		100	5	0	0	0	105	105
117	T23120	北一女中		100	5	0	0	0	105	105
117	T23141	北一女中		100	5	0	0	0	105	105
117	T23179	北一女中		100	5	0	0	0	105	105
117	T23149	南山中學		100	5	0	0	0	105	105
117	T23405	台東高中		100	5	0	0	0	105	105
117	T23060	師大附中		100	5	0	0	0	105	105
117	T23167	師大附中		100	5	0	0	0	105	105
117	T23220	師大附中		100	5	0	0	0	105	105
117	T23277	師大附中		100	5	0	0	0	105	105
117	T23097	延平中學		100	5	0	0	0	105	105
117	T23041	建國中學		100	5	0	0	0	105	105
117	T23116	建國中學		100	5	0	0	0	105	105
117	T23160	建國中學		100	5	0	0	0	105	105
117	T23227	建國中學		100	5	0	0	0	105	105
117	T23230	建國中學		100	5	0	0	0	105	105
117	T23262	建國中學		100	5	0	0	0	105	105
117	T23313	彰化高中		100	5	0	0	0	105	105
117	T23343	彰化高中		100	5	0	0	0	105	105
117	T23383	彰化高中		100	5	0	0	0	105	105
117	T23273	成功高中		100	5	0	0	0	105	105
117	T23229	新竹女中		100	5	0	0	0	105	105
117	T23275	新竹高中		100	5	0	0	0	105	105
117	T23346	明道中學		100	5	0	0	0	105	105
117	T23034	板橋高中		100	5	0	0	0	105	105
117	T23144	板橋高中		100	5	0	0	0	105	105
117	T23071	武陵高中		100	5	0	0	0	105	105
117	T23180	武陵高中		100	5	0	0	0	105	105
117	T23195	武陵高中		100	5	0	0	0	105	105
117	T23244	竹科實中		100	5	0	0	0	105	105
117	T23309	臺中一中		100	5	0	0	0	105	105
117	T23410	臺南一中		100	5	0	0	0	105	105
117	T23436	臺南一中		100	5	0	0	0	105	105
117	T23435	臺南女中		100	5	0	0	0	105	105
117	T23132	花蓮高中		100	5	0	0	0	105	105
117	T23168	蘭雅國中		100	5	0	0	0	105	105
117	T23308	衛道中學		100	5	0	0	0	105	105
117	T23235	靜心中學		100	5	0	0	0	105	105
117	T23391	高雄中學		100	5	0	0	0	105	105
117	T23402	高雄中學		100	5	0	0	0	105	105
117	T23423	鳳山高中		100	5	0	0	0	105	105
160	T23006	二信高中		100	0	0	0	0	100	100
160	T23136	再興中學		100	0	0	0	0	100	100
160	T23145	再興中學		100	0	0	0	0	100	100
160	T23029	宜蘭高中		100	0	0	0	0	100	100
160	T23045	宜蘭高中		100	0	0	0	0	100	100
160	T23124	師大附中		100	0	0	0	0	100	100
160	T23138	師大附中		100	0	0	0	0	100	100
160	T23293	延平中學		100	0	0	0	0	100	100
160	T23373	彰化高中		100	0	0	0	0	100	100
160	T23072	成功高中		100	0	0	0	0	100	100
160	T23207	新竹女中		100	0	0	0	0	100	100
160	T23208	新竹高中		100	0	0	0	0	100	100
160	T23440	新莊高中		100	0	0	0	0	100	100
160	T23441	明華國中		100	0	0	0	0	100	100
160	T23388	普門中學		100	0	0	0	0	100	100
160	T23247	板橋高中		100	0	0	0	0	100	100
160	T23075	武陵高中		50	50	0	0	0	100	100
160	T23342	臺中一中		100	0	0	0	0	100	100
160	T23366	臺中一中		100	0	0	0	0	100	100
160	T23387	臺中一中		100	0	0	0	0	100	100
160	T23240	花蓮高中		100	0	0	0	0	100	100
160	T23382	華盛頓中學		100	0	0	0	0	100	100
160	T23012	靜心中學		100	0	0	0	0	100	100
160	T23300	麗山高中		100	0	0	0	0	100	100
160	T23431	黎明高中		100	0	0	0	0	100	100
185	T23340	臺中一中		50	5	17	8	0	80	80
186	T23378	明道中學		50	5	23	0	0	78	78
187	T23447	屏東高中		50	5	17	0	0	72	72
188	T23017	再興中學		50	5	0	0	0	55	55
188	T23265	再興中學		50	5	0	0	0	55	55
188	T23209	南山中學		50	5	0	0	0	55	55
188	T23154	宜蘭高中		50	5	0	0	0	55	55
188	T23216	師大附中		50	5	0	0	0	55	55
188	T23223	復興實中		50	5	0	0	0	55	55
188	T23398	高雄女中		50	5	0	0	0	55	55
188	T23433	高雄女中		50	5	0	0	0	55	55
196	T23118	宜蘭高中		50	0	0	0	0	50	50
196	T23191	宜蘭高中		50	0	0	0	0	50	50
196	T23312	崇實高工		50	0	0	0	0	50	50
196	T23101	康橋中學		50	0	0	0	0	50	50
196	T23303	康橋中學		50	0	0	0	0	50	50
196	T23039	成功高中		50	0	0	0	0	50	50
196	T23408	新化高中		50	0	0	0	0	50	50
196	T23331	明道中學		50	0	0	0	0	50	50
196	T23106	羅東高中		50	0	0	0	0	50	50
196	T23321	臺中一中		50	0	0	0	0	50	50
196	T23175	薇閣中學		50	0	0	0	0	50	50
196	T23284	西松高中		50	0	0	0	0	50	50
208	T23205	北一女中		20	5	17	0	0	42	42
209	T23317	臺中女中		20	0	17	0	0	37	37
210	T23083	康橋中學		20	10	0	0	0	30	30
211	T23011	北一女中		20	5	0	0	0	25	25
211	T23109	北一女中		20	5	0	0	0	25	25
213	T23298	中正高中		0	5	17	0	0	22	22
213	T23102	北一女中		0	5	17	0	0	22	22
213	T23274	北一女中		0	5	17	0	0	22	22
213	T23310	古坑華德福		0	5	17	0	0	22	22
213	T23289	成淵高中		0	5	17	0	0	22	22
213	T23311	精誠中學		0	5	17	0	0	22	22
213	T23324	精誠中學		0	5	17	0	0	22	22
220	T23107	中山女高		20	0	0	0	0	20	20
220	T23344	臺中一中		20	0	0	0	0	20	20
220	T23376	臺中一中		20	0	0	0	0	20	20
220	T23395	鳳新高中		20	0	0	0	0	20	20
224	T23212	中正高中		0	0	17	0	0	17	17
224	T23152	康橋中學		0	0	17	0	0	17	17
224	T23002	延平中學		0	0	17	0	0	17	17
224	T23146	成功高中		0	0	17	0	0	17	17
224	T23386	文華高中		0	0	17	0	0	17	17
224	T23131	方濟高中		0	0	17	0	0	17	17
224	T23008	石門國中		0	0	17	0	0	17	17
224	T23064	金城國中		0	0	17	0	0	17	17
224	T23445	高雄中學		0	0	17	0	0	17	17
233	T23068	延平中學		0	10	0	0	0	10	10
234	T23237	六家高中		0	5	0	0	0	5	5
234	T23065	再興中學		0	5	0	0	0	5	5
234	T23036	北一女中		0	5	0	0	0	5	5
234	T23048	北一女中		0	5	0	0	0	5	5
234	T23128	北一女中		0	5	0	0	0	5	5
234	T23169	北一女中		0	5	0	0	0	5	5
234	T23243	北一女中		0	5	0	0	0	5	5
234	T23255	北一女中		0	5	0	0	0	5	5
234	T23269	北一女中		0	5	0	0	0	5	5
234	T23023	南山中學		0	5	0	0	0	5	5
234	T23111	南山中學		0	5	0	0	0	5	5
234	T23415	嘉義高中		0	5	0	0	0	5	5
234	T23079	師大附中		0	5	0	0	0	5	5
234	T23088	師大附中		0	5	0	0	0	5	5
234	T23080	康橋中學		0	5	0	0	0	5	5
234	T23093	延平中學		0	5	0	0	0	5	5
234	T23292	延平中學		0	5	0	0	0	5	5
234	T23053	建國中學		0	5	0	0	0	5	5
234	T23228	建國中學		0	5	0	0	0	5	5
234	T23299	建國中學		0	5	0	0	0	5	5
234	T23022	復興實中		0	5	0	0	0	5	5
234	T23217	復興實中		0	5	0	0	0	5	5
234	T23268	復興實中		0	5	0	0	0	5	5
234	T23066	成功高中		0	5	0	0	0	5	5
234	T23305	成功高中		0	5	0	0	0	5	5
234	T23414	新莊高中		0	5	0	0	0	5	5
234	T23357	明道中學		0	5	0	0	0	5	5
234	T23129	東山中學		0	5	0	0	0	5	5
234	T23200	武陵高中		0	5	0	0	0	5	5
234	T23306	武陵高中		0	5	0	0	0	5	5
234	T23126	永豐高中		0	5	0	0	0	5	5
234	T23345	臺中一中		0	5	0	0	0	5	5
234	T23361	臺中一中		0	5	0	0	0	5	5
234	T23090	花蓮高中		0	5	0	0	0	5	5
234	T23219	花蓮高中		0	5	0	0	0	5	5
234	T23285	花蓮高中		0	5	0	0	0	5	5
234	T23019	薇閣中學		0	5	0	0	0	5	5
234	T23401	高雄中學		0	5	0	0	0	5	5
234	T23427	高雄中學		0	5	0	0	0	5	5
234	T23392	高雄女中		0	5	0	0	0	5	5
274	T23455	T23455		0	0	0	0	0	0	0
274	T23456	T23456		0	0	0	0	0	0	0
274	T23457	T23457		0	0	0	0	0	0	0
274	T23458	T23458		0	0	0	0	0	0	0
274	T23459	T23459		0	0	0	0	0	0	0
274	T23460	T23460		0	0	0	0	0	0	0
274	T23151	中大壢中		0	0	0	0	0	0	0
274	T23040	二信高中		0	0	0	0	0	0	0
274	T23063	二信高中		0	0	0	0	0	0	0
274	T23094	二信高中		0	0	0	0	0	0	0
274	T23452	五福國中		0	0	0	0	0	0	0
274	T23014	再興中學		0	0	0	0	0	0	0
274	T23047	再興中學		0	0	0	0	0	0	0
274	T23161	再興中學		0	0	0	0	0	0	0
274	T23222	再興中學		0	0	0	0	0	0	0
274	T23238	再興中學		0	0	0	0	0	0	0
274	T23282	再興中學		0	0	0	0	0	0	0
274	T23013	北一女中		0	0	0	0	0	0	0
274	T23024	北一女中		0	0	0	0	0	0	0
274	T23025	北一女中		0	0	0	0	0	0	0
274	T23027	北一女中		0	0	0	0	0	0	0
274	T23032	北一女中		0	0	0	0	0	0	0
274	T23042	北一女中		0	0	0	0	0	0	0
274	T23052	北一女中		0	0	0	0	0	0	0
274	T23057	北一女中		0	0	0	0	0	0	0
274	T23069	北一女中		0	0	0	0	0	0	0
274	T23070	北一女中		0	0	0	0	0	0	0
274	T23089	北一女中		0	0	0	0	0	0	0
274	T23110	北一女中		0	0	0	0	0	0	0
274	T23121	北一女中		0	0	0	0	0	0	0
274	T23186	北一女中		0	0	0	0	0	0	0
274	T23214	北一女中		0	0	0	0	0	0	0
274	T23283	北一女中		0	0	0	0	0	0	0
274	T23185	南山中學		0	0	0	0	0	0	0
274	T23271	南山中學		0	0	0	0	0	0	0
274	T23281	南山中學		0	0	0	0	0	0	0
274	T23393	台東高中		0	0	0	0	0	0	0
274	T23449	嘉義高中		0	0	0	0	0	0	0
274	T23037	國語實小		0	0	0	0	0	0	0
274	T23172	壽山高中		0	0	0	0	0	0	0
274	T23218	大同高中		0	0	0	0	0	0	0
274	T23295	大同高中		0	0	0	0	0	0	0
274	T23007	宜蘭高中		0	0	0	0	0	0	0
274	T23224	宜蘭高商		0	0	0	0	0	0	0
274	T23396	左營高中		0	0	0	0	0	0	0
274	T23044	師大附中		0	0	0	0	0	0	0
274	T23117	師大附中		0	0	0	0	0	0	0
274	T23166	師大附中		0	0	0	0	0	0	0
274	T23076	康橋中學		0	0	0	0	0	0	0
274	T23119	康橋中學		0	0	0	0	0	0	0
274	T23134	康橋中學		0	0	0	0	0	0	0
274	T23150	康橋中學		0	0	0	0	0	0	0
274	T23193	康橋中學		0	0	0	0	0	0	0
274	T23211	康橋中學		0	0	0	0	0	0	0
274	T23249	康橋中學		0	0	0	0	0	0	0
274	T23074	延平中學		0	0	0	0	0	0	0
274	T23182	延平中學		0	0	0	0	0	0	0
274	T23005	建國中學		0	0	0	0	0	0	0
274	T23028	建國中學		0	0	0	0	0	0	0
274	T23130	建國中學		0	0	0	0	0	0	0
274	T23142	建國中學		0	0	0	0	0	0	0
274	T23199	建國中學		0	0	0	0	0	0	0
274	T23248	建國中學		0	0	0	0	0	0	0
274	T23251	建國中學		0	0	0	0	0	0	0
274	T23330	建臺高中		0	0	0	0	0	0	0
274	T23336	彰化高中		0	0	0	0	0	0	0
274	T23337	彰化高中		0	0	0	0	0	0	0
274	T23350	彰化高中		0	0	0	0	0	0	0
274	T23351	彰化高中		0	0	0	0	0	0	0
274	T23354	彰化高中		0	0	0	0	0	0	0
274	T23377	彰化高中		0	0	0	0	0	0	0
274	T23092	復興實中		0	0	0	0	0	0	0
274	T23189	復興實中		0	0	0	0	0	0	0
274	T23059	成功高中		0	0	0	0	0	0	0
274	T23084	成功高中		0	0	0	0	0	0	0
274	T23104	成功高中		0	0	0	0	0	0	0
274	T23125	成功高中		0	0	0	0	0	0	0
274	T23148	成功高中		0	0	0	0	0	0	0
274	T23162	成功高中		0	0	0	0	0	0	0
274	T23233	成功高中		0	0	0	0	0	0	0
274	T23257	成功高中		0	0	0	0	0	0	0
274	T23276	成功高中		0	0	0	0	0	0	0
274	T23170	政大附中		0	0	0	0	0	0	0
274	T23221	政大附中		0	0	0	0	0	0	0
274	T23363	文華高中		0	0	0	0	0	0	0
274	T23348	斗六高中		0	0	0	0	0	0	0
274	T23413	新化高中		0	0	0	0	0	0	0
274	T23259	新店高中		0	0	0	0	0	0	0
274	T23021	新竹女中		0	0	0	0	0	0	0
274	T23035	新竹高中		0	0	0	0	0	0	0
274	T23100	新竹高中		0	0	0	0	0	0	0
274	T23260	新竹高中		0	0	0	0	0	0	0
274	T23286	新竹高中		0	0	0	0	0	0	0
274	T23411	新莊高中		0	0	0	0	0	0	0
274	T23446	新莊高中		0	0	0	0	0	0	0
274	T23103	明倫高中		0	0	0	0	0	0	0
274	T23419	明華國中		0	0	0	0	0	0	0
274	T23328	明道中學		0	0	0	0	0	0	0
274	T23332	明道中學		0	0	0	0	0	0	0
274	T23333	明道中學		0	0	0	0	0	0	0
274	T23335	明道中學		0	0	0	0	0	0	0
274	T23339	明道中學		0	0	0	0	0	0	0
274	T23341	明道中學		0	0	0	0	0	0	0
274	T23349	明道中學		0	0	0	0	0	0	0
274	T23360	明道中學		0	0	0	0	0	0	0
274	T23359	普台高中		0	0	0	0	0	0	0
274	T23407	普門中學		0	0	0	0	0	0	0
274	T23322	東大附中		0	0	0	0	0	0	0
274	T23001	東山中學		0	0	0	0	0	0	0
274	T23173	東山中學		0	0	0	0	0	0	0
274	T23184	東山中學		0	0	0	0	0	0	0
274	T23187	東山中學		0	0	0	0	0	0	0
274	T23256	東山中學		0	0	0	0	0	0	0
274	T23264	東山中學		0	0	0	0	0	0	0
274	T23003	松山工農		0	0	0	0	0	0	0
274	T23127	松山工農		0	0	0	0	0	0	0
274	T23135	松山高中		0	0	0	0	0	0	0
274	T23159	松山高中		0	0	0	0	0	0	0
274	T23190	松山高中		0	0	0	0	0	0	0
274	T23077	板橋高中		0	0	0	0	0	0	0
274	T23085	板橋高中		0	0	0	0	0	0	0
274	T23307	板橋高中		0	0	0	0	0	0	0
274	T23155	桃園高中		0	0	0	0	0	0	0
274	T23225	桃園高中		0	0	0	0	0	0	0
274	T23108	武陵高中		0	0	0	0	0	0	0
274	T23165	永春高中		0	0	0	0	0	0	0
274	T23239	永春高中		0	0	0	0	0	0	0
274	T23372	清水高中		0	0	0	0	0	0	0
274	T23439	瀛海中學		0	0	0	0	0	0	0
274	T23016	竹北高中		0	0	0	0	0	0	0
274	T23033	竹北高中		0	0	0	0	0	0	0
274	T23288	竹北高中		0	0	0	0	0	0	0
274	T23009	竹林中學		0	0	0	0	0	0	0
274	T23031	竹科實中		0	0	0	0	0	0	0
274	T23096	竹科實中		0	0	0	0	0	0	0
274	T23197	竹科實中		0	0	0	0	0	0	0
274	T23198	竹科實中		0	0	0	0	0	0	0
274	T23294	竹科實中		0	0	0	0	0	0	0
274	T23314	精誠中學		0	0	0	0	0	0	0
274	T23334	精誠中學		0	0	0	0	0	0	0
274	T23315	臺中一中		0	0	0	0	0	0	0
274	T23316	臺中一中		0	0	0	0	0	0	0
274	T23318	臺中一中		0	0	0	0	0	0	0
274	T23326	臺中一中		0	0	0	0	0	0	0
274	T23352	臺中一中		0	0	0	0	0	0	0
274	T23353	臺中一中		0	0	0	0	0	0	0
274	T23356	臺中一中		0	0	0	0	0	0	0
274	T23364	臺中一中		0	0	0	0	0	0	0
274	T23368	臺中一中		0	0	0	0	0	0	0
274	T23369	臺中一中		0	0	0	0	0	0	0
274	T23375	臺中一中		0	0	0	0	0	0	0
274	T23381	臺中一中		0	0	0	0	0	0	0
274	T23347	臺中二中		0	0	0	0	0	0	0
274	T23327	臺中女中		0	0	0	0	0	0	0
274	T23374	臺中女中		0	0	0	0	0	0	0
274	T23379	臺中女中		0	0	0	0	0	0	0
274	T23380	臺中家商		0	0	0	0	0	0	0
274	T23287	臺北自學		0	0	0	0	0	0	0
274	T23139	臺南一中		0	0	0	0	0	0	0
274	T23451	臺南一中		0	0	0	0	0	0	0
274	T23394	臺南二中		0	0	0	0	0	0	0
274	T23442	臺南女中		0	0	0	0	0	0	0
274	T23390	臺南成功國小		0	0	0	0	0	0	0
274	T23171	花蓮高中		0	0	0	0	0	0	0
274	T23270	花蓮高中		0	0	0	0	0	0	0
274	T23319	華盛頓中學		0	0	0	0	0	0	0
274	T23137	萬芳高中		0	0	0	0	0	0	0
274	T23329	葳格高中		0	0	0	0	0	0	0
274	T23098	薇閣中學		0	0	0	0	0	0	0
274	T23234	薇閣中學		0	0	0	0	0	0	0
274	T23371	虎尾高中		0	0	0	0	0	0	0
274	T23358	衛道中學		0	0	0	0	0	0	0
274	T23325	豐原高中		0	0	0	0	0	0	0
274	T23370	豐原高中		0	0	0	0	0	0	0
274	T23112	靜心中學		0	0	0	0	0	0	0
274	T23296	靜心中學		0	0	0	0	0	0	0
274	T23428	高師大附中		0	0	0	0	0	0	0
274	T23429	高師大附中		0	0	0	0	0	0	0
274	T23399	高雄中學		0	0	0	0	0	0	0
274	T23406	高雄中學		0	0	0	0	0	0	0
274	T23412	高雄中學		0	0	0	0	0	0	0
274	T23421	高雄女中		0	0	0	0	0	0	0
274	T23422	高雄女中		0	0	0	0	0	0	0
274	T23430	鳳山高中		0	0	0	0	0	0	0
274	T23261	麗山高中		0	0	0	0	0	0	0
274	T23416	黎明高中		0	0	0	0	0	0	0
274	T23432	黎明高中		0	0	0	0	0	0	0